+------------------------------------------------------------------------------------------------------------------------------------------------------------------------------------------------------------------------------------+
; Legal Partition Candidates                                                                                                                                                                                                         ;
+-------------------------------+-------+----------------+--------------+----------------+--------+-----------------+---------------+-----------------+-------+----------------+--------------+------------------+-------------------+
; Hierarchy                     ; Input ; Constant Input ; Unused Input ; Floating Input ; Output ; Constant Output ; Unused Output ; Floating Output ; Bidir ; Constant Bidir ; Unused Bidir ; Input only Bidir ; Output only Bidir ;
+-------------------------------+-------+----------------+--------------+----------------+--------+-----------------+---------------+-----------------+-------+----------------+--------------+------------------+-------------------+
; salVGA|displayInstruccion1    ; 136   ; 72             ; 0            ; 72             ; 12     ; 72              ; 72            ; 72              ; 0     ; 0              ; 0            ; 0                ; 0                 ;
; salVGA|displayInstruccion0    ; 136   ; 72             ; 0            ; 72             ; 12     ; 72              ; 72            ; 72              ; 0     ; 0              ; 0            ; 0                ; 0                 ;
; salVGA|displayIgual           ; 135   ; 78             ; 0            ; 78             ; 12     ; 78              ; 78            ; 78              ; 0     ; 0              ; 0            ; 0                ; 0                 ;
; salVGA|displayR0              ; 136   ; 72             ; 0            ; 72             ; 12     ; 72              ; 72            ; 72              ; 0     ; 0              ; 0            ; 0                ; 0                 ;
; salVGA|displayR1              ; 136   ; 72             ; 0            ; 72             ; 12     ; 72              ; 72            ; 72              ; 0     ; 0              ; 0            ; 0                ; 0                 ;
; salVGA|displayUnoExtra        ; 136   ; 72             ; 0            ; 72             ; 12     ; 72              ; 72            ; 72              ; 0     ; 0              ; 0            ; 0                ; 0                 ;
; salVGA|displayOp2             ; 135   ; 72             ; 0            ; 72             ; 12     ; 72              ; 72            ; 72              ; 0     ; 0              ; 0            ; 0                ; 0                 ;
; salVGA|displayOp1             ; 135   ; 72             ; 0            ; 72             ; 12     ; 72              ; 72            ; 72              ; 0     ; 0              ; 0            ; 0                ; 0                 ;
; salVGA|displayB               ; 136   ; 72             ; 0            ; 72             ; 12     ; 72              ; 72            ; 72              ; 0     ; 0              ; 0            ; 0                ; 0                 ;
; salVGA|displayA               ; 136   ; 72             ; 0            ; 72             ; 12     ; 72              ; 72            ; 72              ; 0     ; 0              ; 0            ; 0                ; 0                 ;
; salVGA|operador               ; 11    ; 10             ; 0            ; 10             ; 26     ; 10              ; 10            ; 10              ; 0     ; 0              ; 0            ; 0                ; 0                 ;
; salVGA|controllerVGA          ; 2     ; 1              ; 0            ; 1              ; 67     ; 1               ; 1             ; 1               ; 0     ; 0              ; 0            ; 0                ; 0                 ;
; salVGA|VGAclk                 ; 1     ; 0              ; 0            ; 0              ; 0      ; 0               ; 0             ; 0               ; 1     ; 0              ; 0            ; 0                ; 0                 ;
; salVGA                        ; 47    ; 0              ; 0            ; 0              ; 14     ; 0               ; 0             ; 0               ; 0     ; 0              ; 0            ; 0                ; 0                 ;
; Mircoprocesador|numIntruccion ; 4     ; 5              ; 0            ; 5              ; 14     ; 5               ; 5             ; 5               ; 0     ; 0              ; 0            ; 0                ; 0                 ;
; Mircoprocesador|numB          ; 4     ; 1              ; 0            ; 1              ; 7      ; 1               ; 1             ; 1               ; 0     ; 0              ; 0            ; 0                ; 0                 ;
; Mircoprocesador|numA          ; 4     ; 1              ; 0            ; 1              ; 7      ; 1               ; 1             ; 1               ; 0     ; 0              ; 0            ; 0                ; 0                 ;
; Mircoprocesador|memoria       ; 12    ; 0              ; 0            ; 0              ; 3      ; 0               ; 0             ; 0               ; 0     ; 0              ; 0            ; 0                ; 0                 ;
; Mircoprocesador|registers     ; 15    ; 0              ; 0            ; 0              ; 6      ; 0               ; 0             ; 0               ; 0     ; 0              ; 0            ; 0                ; 0                 ;
; Mircoprocesador|Alu|alu7seg   ; 4     ; 5              ; 0            ; 5              ; 14     ; 5               ; 5             ; 5               ; 0     ; 0              ; 0            ; 0                ; 0                 ;
; Mircoprocesador|Alu|muxalu    ; 7     ; 0              ; 0            ; 0              ; 3      ; 0               ; 0             ; 0               ; 0     ; 0              ; 0            ; 0                ; 0                 ;
; Mircoprocesador|Alu|ul1       ; 8     ; 0              ; 0            ; 0              ; 3      ; 0               ; 0             ; 0               ; 0     ; 0              ; 0            ; 0                ; 0                 ;
; Mircoprocesador|Alu|ua1|u2    ; 7     ; 0              ; 0            ; 0              ; 4      ; 0               ; 0             ; 0               ; 0     ; 0              ; 0            ; 0                ; 0                 ;
; Mircoprocesador|Alu|ua1|u1    ; 5     ; 0              ; 0            ; 0              ; 3      ; 0               ; 0             ; 0               ; 0     ; 0              ; 0            ; 0                ; 0                 ;
; Mircoprocesador|Alu|ua1       ; 9     ; 0              ; 0            ; 0              ; 4      ; 0               ; 0             ; 0               ; 0     ; 0              ; 0            ; 0                ; 0                 ;
; Mircoprocesador|Alu           ; 10    ; 1              ; 0            ; 1              ; 18     ; 1               ; 1             ; 1               ; 0     ; 0              ; 0            ; 0                ; 0                 ;
; Mircoprocesador|control       ; 19    ; 0              ; 0            ; 0              ; 12     ; 0               ; 0             ; 0               ; 0     ; 0              ; 0            ; 0                ; 0                 ;
; Mircoprocesador|Decoder       ; 16    ; 0              ; 0            ; 0              ; 16     ; 0               ; 0             ; 0               ; 0     ; 0              ; 0            ; 0                ; 0                 ;
; Mircoprocesador|Fetch|u3      ; 5     ; 0              ; 0            ; 0              ; 16     ; 0               ; 0             ; 0               ; 0     ; 0              ; 0            ; 0                ; 0                 ;
; Mircoprocesador|Fetch|u2      ; 2     ; 0              ; 0            ; 0              ; 4      ; 0               ; 0             ; 0               ; 0     ; 0              ; 0            ; 0                ; 0                 ;
; Mircoprocesador|Fetch|u1      ; 1     ; 0              ; 0            ; 0              ; 1      ; 0               ; 0             ; 0               ; 0     ; 0              ; 0            ; 0                ; 0                 ;
; Mircoprocesador|Fetch         ; 3     ; 2              ; 0            ; 2              ; 21     ; 2               ; 2             ; 2               ; 0     ; 0              ; 0            ; 0                ; 0                 ;
; Mircoprocesador               ; 3     ; 0              ; 1            ; 0              ; 49     ; 0               ; 0             ; 0               ; 0     ; 0              ; 0            ; 0                ; 0                 ;
+-------------------------------+-------+----------------+--------------+----------------+--------+-----------------+---------------+-----------------+-------+----------------+--------------+------------------+-------------------+
